1 0.3143
2 0.2041
3 0.224
4 0.2308
5 0.3035
6 0.2179
7 0.209
8 0.2011
9 0.2972
10 0.2393
11 0.2689
12 0.2145
13 0.205
14 0.2195
15 0.1687
16 0.2137
17 0.2613
18 0.238
19 0.238
20 0.1979
21 0.1998
22 0.222
23 0.2019
24 0.2057
25 0.1914
26 0.2016
27 0.2061
28 0.1793
29 0.2317
30 0.2026
31 0.2107
32 0.1904
33 0.2143
34 0.235
35 0.2653
36 0.2107
37 0.1781
38 0.1927
39 0.1916
40 0.2122
41 0.1992
42 0.2131
43 0.1929
44 0.1955
45 0.2014
46 0.169
47 0.1488
48 0.234
49 0.2087
50 0.2
51 0.2054
52 0.2145
53 0.2478
54 0.2177
55 0.1905
56 0.2124
57 0.3059
58 0.2073
59 0.232
60 0.2177
61 0.2209
62 0.2184
63 0.2191
64 0.2225
65 0.2056
66 0.2067
67 0.2019
68 0.2383
69 0.2717
70 0.2517
71 0.2269
72 0.2444
73 0.2078
74 0.203
75 0.2116
76 0.1702
77 0.2224
78 0.2265
79 0.193
80 0.2235
81 0.208
82 0.2278
83 0.2882
84 0.2343
85 0.2023
86 0.2569
87 0.3232
88 0.1725
89 0.2384
90 0.1828
91 0.2074
92 0.2148
93 0.2271
94 0.1812
95 0.2217
96 0.2201
97 0.1951
98 0.191
99 0.2034
100 0.2121
101 0.1887
102 0.1862
103 0.1951
104 0.1563
105 0.1723
106 0.1589
107 0.2305
108 0.2142
109 0.2021
110 0.1999
111 0.2178
112 0.1673
113 0.2676
114 0.2118
115 0.22
116 0.2334
117 0.1916
118 0.2175
119 0.2204
120 0.2261
121 0.215
122 0.2122
123 0.2132
124 0.2046
125 0.2137
126 0.2186
127 0.2215
128 0.216
129 0.2129
130 0.2015
131 0.2175
132 0.2072
133 0.21
134 0.2158
135 0.2118
136 0.2064
137 0.2153
138 0.2029
139 0.1991
140 0.2111
141 0.2137
142 0.2151
143 0.2095
144 0.2106
145 0.2087
146 0.2158
147 0.2018
148 0.2245
149 0.2198
150 0.2269
151 0.2194
152 0.2071
153 0.2227
154 0.2175
155 0.2257
156 0.2185
157 0.2216
158 0.2155
159 0.2168
160 0.2129
161 0.2136
162 0.2254
163 0.2226
164 0.201
165 0.2263
166 0.21
167 0.2
168 0.2222
169 0.215
170 0.2139
171 0.2163
172 0.2191
173 0.214
174 0.202
175 0.231
176 0.2064
177 0.2202
178 0.2219
179 0.2166
180 0.1977
181 0.2047
182 0.2217
183 0.2159
184 0.2174
185 0.2214
186 0.218
187 0.2639
188 0.2037
189 0.2229
190 0.2175
191 0.2117
192 0.2199
193 0.2204
194 0.1999
195 0.2121
196 0.296
197 0.2283
198 0.2154
199 0.2206
200 0.2246
201 0.2026
202 0.2042
203 0.2028
204 0.2165
205 0.2199
206 0.2181
207 0.2265
208 0.2344
209 0.3741
210 0.3512
211 0.2142
212 0.3847
213 0.3379
214 0.21
215 0.3827
216 0.2383
217 0.2187
218 0.1847
219 0.2205
220 0.2225
221 0.2154
222 0.2496
223 0.2332
224 0.2225
225 0.2337
226 0.2895
227 0.2342
228 0.2362
229 0.1898
230 0.2358
231 0.2089
232 0.2008
233 0.1904
234 0.2268
235 0.2194
236 0.2262
237 0.1969
238 0.2472
239 0.2342
240 0.2564
241 0.2107
242 0.2271
243 0.1935
244 0.2013
245 0.1984
246 0.2256
247 0.1922
248 0.1999
249 0.245
250 0.2736
251 0.3194
252 0.1996
253 0.2518
254 0.212
255 0.2087
256 0.2163
257 0.2127
258 0.1931
259 0.26
260 0.2157
261 0.2182
262 0.2071
263 0.2153
264 0.2167
265 0.2167
266 0.2172
267 0.2213
268 0.2324
269 0.2355
270 0.3012
271 0.2297
272 0.2143
273 0.2119
274 0.2247
275 0.2403
276 0.2568
277 0.3911
278 0.2707
279 0.2448
280 0.2231
281 0.2222
282 0.2205
283 0.251
284 0.2171
285 0.2232
286 0.2525
287 0.2174
288 0.2737
289 0.226
290 0.2101
291 0.2
292 0.216
293 0.2322
294 0.2564
295 0.2485
296 0.2182
297 0.277
298 0.2857
299 0.2003
300 0.2598
301 0.2413
302 0.2136
303 0.2533
304 0.2208
305 0.2307
306 0.3322
307 0.2199
308 0.2031
309 0.2228
310 0.2078
311 0.2356
312 0.2388
313 0.238
314 0.2389
315 0.2353
316 0.1954
317 0.1987
318 0.2201
319 0.2324
320 0.2291
321 0.229
322 0.2349
323 0.2142
324 0.2317
325 0.3121
326 0.21
327 0.2171
328 0.237
329 0.2547
330 0.2576
331 0.1974
332 0.2195
333 0.2155
334 0.2096
335 0.2155
336 0.3476
337 0.2125
338 0.2329
339 0.2316
340 0.1728
341 0.2023
342 0.2157
343 0.2222
344 0.2327
345 0.2213
346 0.3218
347 0.212
348 0.1954
349 0.2226
350 0.1795
351 0.2212
352 0.2024
353 0.2138
354 0.2045
355 0.2036
356 0.24
357 0.2225
358 0.1916
359 0.1934
360 0.213
361 0.2088
362 0.2442
363 0.2008
364 0.227
365 0.2163
366 0.198
367 0.2087
368 0.2106
369 0.2327
370 0.2468
371 0.2083
372 0.2138
373 0.2235
374 0.2121
375 0.2212
376 0.2072
377 0.2053
378 0.2428
379 0.2532
380 0.1978
381 0.1903
382 0.2923
383 0.3746
384 0.207
385 0.2712
386 0.2786
387 0.3151
388 0.2758
389 0.2955
390 0.3426
391 0.2853
392 0.2126
393 0.2192
394 0.1983
395 0.1982
396 0.1992
397 0.2221
398 0.2145
399 0.2119
400 0.2262
401 0.1992
402 0.1602
403 0.2024
404 0.2039
405 0.17
406 0.1937
407 0.2215
408 0.1889
409 0.2247
410 0.1895
411 0.2211
412 0.2343
413 0.2345
414 0.2857
415 0.2384
416 0.224
417 0.1919
418 0.2283
419 0.2439
420 0.2539
421 0.2372
422 0.2288
423 0.2336
424 0.2271
425 0.2664
426 0.2035
427 0.2273
428 0.2305
429 0.23
430 0.3989
431 0.2161
432 0.2326
433 0.2517
434 0.2395
435 0.2268
436 0.2311
437 0.2352
438 0.2522
439 0.2415
440 0.2316
441 0.2547
442 0.2297
443 0.2487
444 0.2386
445 0.2335
446 0.235
447 0.2359
448 0.228
449 0.2387
450 0.2158
451 0.2183
452 0.2116
453 0.2514
454 0.2163
455 0.2331
456 0.2135
457 0.2218
458 0.2331
459 0.2254
460 0.2352
461 0.2324
462 0.2195
463 0.2342
464 0.2328
465 0.2156
466 0.2701
467 0.2407
468 0.2253
469 0.222
470 0.21
471 0.4079
472 0.2253
473 0.2125
474 0.243
475 0.2373
476 0.2349
477 0.2859
478 0.2188
479 0.2011
480 0.2377
481 0.2272
482 0.2271
483 0.3096
484 0.2578
485 0.2579
486 0.2885
487 0.3241
488 0.2443
489 0.2477
490 0.2915
491 0.2414
492 0.2385
493 0.2744
494 0.1999
495 0.2283
496 0.2397
497 0.1897
498 0.299
499 0.2054
500 0.2891
501 0.2243
502 0.2763
503 0.2433
504 0.2423
505 0.2485
506 0.2375
507 0.3111
508 0.2522
509 0.2368
510 0.2368
511 0.2339
512 0.2303
513 0.242
514 0.2387
515 0.2396
516 0.1981
517 0.2624
518 0.2442
519 0.2204
520 0.2483
521 0.2445
522 0.2404
523 0.2323
524 0.2328
525 0.2423
526 0.245
527 0.2367
528 0.224
529 0.2276
530 0.2365
531 0.2282
532 0.2261
533 0.2375
534 0.2457
535 0.2402
536 0.2487
537 0.2483
538 0.2425
539 0.2416
540 0.2468
541 0.231
542 0.2271
543 0.2287
544 0.2269
545 0.2346
546 0.2356
547 0.2452
548 0.2344
549 0.2395
550 0.2457
551 0.2307
552 0.2304
553 0.2361
554 0.2347
555 0.2442
556 0.234
557 0.2597
558 0.2426
559 0.2416
560 0.2369
561 0.244
562 0.2483
563 0.2436
564 0.2405
565 0.2494
566 0.2424
567 0.2417
568 0.2355
569 0.2266
570 0.2387
571 0.2481
572 0.2621
573 0.2396
574 0.2631
575 0.2487
576 0.2554
577 0.2453
578 0.2663
579 0.2472
580 0.2364
581 0.2389
582 0.2402
583 0.2486
584 0.2692
585 0.238
586 0.2334
587 0.2458
588 0.2353
589 0.2592
590 0.2459
591 0.2521
592 0.2361
593 0.2378
594 0.195
595 0.2295
596 0.2442
597 0.2345
598 0.2219
599 0.2437
600 0.2366
601 0.2277
602 0.2424
603 0.2415
604 0.2259
605 0.2477
606 0.2267
607 0.2316
608 0.239
609 0.2501
610 0.2367
611 0.2433
612 0.242
613 0.2391
614 0.2416
615 0.2365
616 0.2455
617 0.2417
618 0.2456
619 0.2487
620 0.2599
621 0.237
622 0.2447
623 0.2436
624 0.2411
625 0.2559
626 0.2384
627 0.2437
628 0.2668
629 0.2439
630 0.2299
631 0.2489
632 0.2495
633 0.2334
634 0.2357
635 0.2447
636 0.2446
637 0.2516
638 0.2357
639 0.2409
640 0.234
641 0.2333
642 0.2297
643 0.2486
644 0.2388
645 0.2263
646 0.2425
647 0.2609
648 0.2329
649 0.2376
650 0.242
651 0.2311
652 0.2226
653 0.2287
654 0.2545
655 0.2465
656 0.237
657 0.2355
658 0.2377
659 0.2472
660 0.2352
661 0.2409
662 0.242
663 0.2425
664 0.2549
665 0.2104
666 0.2461
667 0.2161
668 0.2121
669 0.2045
670 0.2183
671 0.2169
672 0.2188
673 0.2264
674 0.2171
675 0.1814
676 0.1963
677 0.2146
678 0.2303
679 0.2176
680 0.2016
681 0.223
682 0.2228
683 0.213
684 0.224
685 0.2516
686 0.2095
687 0.2245
688 0.2318
689 0.2134
690 0.2345
691 0.2146
692 0.2306
693 0.2237
694 0.3745
695 0.2225
696 0.2402
697 0.2365
698 0.2075
699 0.2126
700 0.2262
701 0.2685
702 0.2483
703 0.234
704 0.2224
705 0.2044
706 0.2061
707 0.211
708 0.2526
709 0.2063
710 0.204
711 0.1977
712 0.2236
713 0.2265
714 0.2218
715 0.2341
716 0.222
717 0.2069
718 0.2579
719 0.1954
720 0.237
721 0.224
722 0.2269
723 0.2203
724 0.2324
725 0.2269
726 0.2345
727 0.2155
728 0.1987
729 0.2471
730 0.2573
731 0.2057
732 0.2283
733 0.2103
734 0.2069
735 0.1689
736 0.2291
737 0.1938
738 0.2432
739 0.2248
740 0.2216
741 0.2211
742 0.1992
743 0.2338
744 0.2161
745 0.2323
746 0.2375
747 0.2331
748 0.216
749 0.2234
750 0.2382
751 0.227
752 0.2216
