10 -2462013.030787
10 -2461286.385423
10 -2461308.855199
10 -2461451.892278
10 -2461365.600927
10 -2462242.161058
10 -2461365.736585
10 -2461286.513702
10 -2461514.084673
10 -2461368.452907
11 -2457432.070646
11 -2457627.020285
11 -2457653.475329
11 -2457576.071703
11 -2456819.840573
11 -2457434.409015
11 -2456848.67731
11 -2457243.60042
11 -2457261.094486
11 -2457220.311454
12 -2454213.783144
12 -2452998.502049
12 -2453254.844863
12 -2452972.19212
12 -2452920.062655
12 -2452940.005781
12 -2452904.716176
12 -2453833.51589
12 -2453233.929234
12 -2453870.094952
13 -2449445.955472
13 -2449361.859242
13 -2449258.804638
13 -2449398.915157
13 -2450312.454569
13 -2449960.922145
13 -2449324.189943
13 -2450074.131203
13 -2449569.860739
13 -2449213.83151
14 -2446049.638516
14 -2446076.094963
14 -2445583.660803
14 -2445864.24336
14 -2445835.388209
14 -2445573.695442
14 -2446021.463707
14 -2445716.284118
14 -2446333.926925
14 -2445841.972459
15 -2442425.674507
15 -2443264.963996
15 -2441760.50959
15 -2442078.446772
15 -2442594.218584
15 -2441824.929294
15 -2442389.707279
15 -2442783.299599
15 -2443153.605845
15 -2442063.784226
1 -2720660.891039
1 -2720660.891039
1 -2720660.891039
1 -2720660.891039
1 -2720660.891039
1 -2720660.891039
1 -2720660.891039
1 -2720660.891039
1 -2720660.891039
1 -2720660.891039
2 -2609830.541537
2 -2609830.55503
2 -2609830.562457
2 -2609830.556602
2 -2609830.561841
2 -2609830.551361
2 -2609830.536828
2 -2609830.557961
2 -2609830.563022
2 -2609830.560612
3 -2563217.605213
3 -2563217.616016
3 -2563217.614411
3 -2563217.613229
3 -2563217.795245
3 -2563217.620951
3 -2563217.521171
3 -2563217.580859
3 -2563217.599826
3 -2563217.558595
4 -2533983.947817
4 -2533983.534973
4 -2533983.960388
4 -2540577.641267
4 -2533983.953964
4 -2533983.502
4 -2533983.484413
4 -2533983.910602
4 -2533983.9835
4 -2533983.481451
5 -2511358.378551
5 -2512071.241399
5 -2511358.292883
5 -2512071.347365
5 -2511358.3471
5 -2511358.250577
5 -2521306.121384
5 -2511358.250834
5 -2511358.345535
5 -2512796.508857
6 -2489632.094957
6 -2489632.091884
6 -2489632.136331
6 -2498763.95586
6 -2489632.082109
6 -2489632.070095
6 -2489632.065714
6 -2499410.595369
6 -2498763.796772
6 -2499411.099149
7 -2477098.492188
7 -2477098.53185
7 -2477098.51602
7 -2477098.509097
7 -2477098.78651
7 -2493512.336906
7 -2477098.60527
7 -2477098.496362
7 -2477098.65322
7 -2477098.536787
8 -2471230.457778
8 -2471227.858338
8 -2471227.837455
8 -2471210.413686
8 -2471212.515629
8 -2471210.516455
8 -2471210.634978
8 -2471227.942288
8 -2471235.201322
8 -2471210.528854
9 -2465884.434317
9 -2465884.206322
9 -2465884.215088
9 -2465884.710939
9 -2465889.573167
9 -2466082.793573
9 -2465884.449131
9 -2466580.665328
9 -2465884.438924
9 -2465884.626897
